# Position (bp)	A	C	G	T	N
0.0	25.29635901778154	25.014655116263924	22.383247573764084	27.30573829219045	0.0
1.0	27.261772943398682	23.342343515925226	22.50211685012701	26.893766690549075	0.0
2.0	26.466280432235383	22.52799114698607	23.25380809790392	27.751920322874625	0.0
3.0	25.660954115313324	23.56346135085038	22.270820461123215	28.504764072713083	0.0
4.0	26.131984977319654	22.71611361308469	22.39582486546247	28.756076544133187	0.0
5.0	24.79556502089057	27.325193867763492	20.25491375526329	27.624327356082652	0.0
6.0	27.464845972527023	20.723400796553687	24.05267008046818	27.759083150451108	0.0
7.0	27.719891415660204	21.77863749410751	25.179212926087875	25.32225816414441	0.0
8.0	24.375812743823147	22.013979193758125	21.90507152145644	31.705136540962286	0.0
9.0	32.028087969961476	22.602038328375677	21.62188520992832	23.747988491734528	0.0
10.0	28.013458162668226	19.359924582276836	24.528639230219103	28.097978024835836	0.0
11.0	29.113368549370172	22.073953677366926	21.553839902478668	27.258837870784237	0.0
12.0	26.79636582313456	25.351471711606287	19.43374453491963	28.418417930339523	0.0
13.0	25.209250922329307	23.58887678980643	22.153781143850868	29.048091144013394	0.0
14.0	28.07898586055583	20.59320656590281	20.59483178937104	30.732975784170325	0.0
15.0	27.44868607088879	23.358198040076054	22.03533063559391	27.15778525344124	0.0
16.0	28.483676487316572	19.48583778864748	24.252075986804687	27.778409737231257	0.0
17.0	25.850273810104163	21.337688295227416	23.136547555208892	29.675490339459532	0.0
18.0	26.65139180032175	22.018557337623296	22.90417458847235	28.425876273582606	0.0
19.0	22.682439349376835	20.916137209340118	25.415576607464942	30.985846833818105	0.0
20.0	26.31202793795176	19.816454154146022	24.69097701616178	29.180540891740435	0.0
21.0	25.04060287143507	27.52225037354642	19.99935035405704	27.437796400961478	0.0
22.0	29.356069833536335	22.791717417783193	18.46853430775477	29.3836784409257	0.0
23.0	29.148193260251727	21.732846122614696	21.49736094194072	27.621599675192854	0.0
24.0	27.0811003929975	23.136509792458344	17.72548637500406	32.05690343954009	0.0
25.0	24.86277566663419	23.430445938484525	22.69316963850726	29.013608756374033	0.0
26.0	27.831184437010815	23.307135201844694	22.237017310252995	26.624663050891495	0.0
27.0	26.787048163424377	26.98353414958917	20.0237082264298	26.20570946055666	0.0
28.0	30.106199863596505	21.61995388262804	18.697021857036148	29.57682439673931	0.0
29.0	24.525023545841318	27.775973498749636	21.462440323471142	26.236562631937904	0.0
30.0	31.635188463224907	21.311528655179693	20.863309352517987	26.189973529077413	0.0
31.0	24.83759906457061	25.58626737690009	19.92334675847733	29.652786800051967	0.0
32.0	35.664165286034496	17.823149140759508	20.568170743592244	25.944514829613745	0.0
33.0	23.192125268013775	26.44240140341758	22.31011630173478	28.055357026833867	0.0
34.0	35.52107871009666	20.10072293071237	18.284461051092517	26.093737308098447	0.0
35.0	25.681559707554836	25.11779041429732	23.49471974004874	25.70593013809911	0.0
36.0	26.569938421044082	28.158967943197883	21.362535948137197	23.908557687620842	0.0
37.0	27.75295321970005	20.330500625578864	18.395268348959267	33.52127780576183	0.0
38.0	30.048100360752706	17.759758198186486	23.20192401443011	28.9902174266307	0.0
39.0	26.714877711871292	21.792475826765255	22.13211993174616	29.360526529617292	0.0
40.0	28.61809494401196	20.14431749849669	24.009036095626595	27.228551461864754	0.0
41.0	27.690282315081184	24.764737432346777	21.93508540965755	25.609894842914493	0.0
42.0	29.838906318578605	22.94000032511338	21.855747191833153	25.36534616447486	0.0
43.0	28.22584578368097	23.286891775454794	22.226918762497768	26.26034367836647	0.0
44.0	24.771969758556214	22.487602633932198	25.901959190309732	26.838468417201856	0.0
45.0	26.619512195121953	24.614634146341462	24.588617886178863	24.177235772357726	0.0
46.0	27.237986828197414	21.3789739003171	22.927067241239126	28.45597203024636	0.0
47.0	23.2166672087955	22.821455290635267	25.204111505058062	28.757765995511175	0.0
48.0	26.28574216843954	22.07800657102892	23.546729123971243	28.089522136560298	0.0
49.0	23.699450174057326	22.002797930832546	24.59251065491102	29.705241240199108	0.0
50.0	27.568367795148774	21.008963867965967	21.651564203094242	29.771104133791017	0.0
51.0	27.764671428339	26.53140914045849	23.56051608284659	22.14340334835592	0.0
52.0	30.22260552608455	22.031112702183748	21.274449181501613	26.471832590230093	0.0
53.0	30.156715324903576	20.929551335253624	26.417028755553385	22.49670458428941	0.0
54.0	25.95293121968686	24.58416067185313	24.46860453761271	24.994303570847304	0.0
55.0	28.704201051483636	27.288116281719482	21.203834822663868	22.803847844133017	0.0
56.0	28.87420237010027	23.29567652038026	23.12963927594739	24.70048183357208	0.0
57.0	28.717255751103004	20.479299285284014	25.244615209286426	25.558829754326556	0.0
58.0	29.16571689081377	21.356931192809924	23.566381191181737	25.91097072519457	0.0
59.0	27.146602400221457	21.42775724218788	24.86362378075589	26.56201657683477	0.0
60.0	25.556930693069308	22.40913236060448	23.3715476810839	28.662389265242318	0.0
61.0	26.36936658142906	23.494633288271412	23.07441731680701	27.061582813492517	0.0
62.0	26.519310019057546	22.12304334370368	24.160734937207824	27.196911700030945	0.0
63.0	28.03133958821996	22.81078967943706	23.05023455824863	26.107636174094345	0.0
64.0	30.22399609025006	24.188319622057506	20.009774374847275	25.577909912845158	0.0
65.0	29.308069535183044	22.652698805780478	20.87358868668437	27.165642972352106	0.0
66.0	28.547454175152748	22.73727087576375	20.216700610997965	28.498574338085543	0.0
67.0	28.145166547161203	24.86963040219021	21.470243139299917	25.514959911348672	0.0
68.0	28.719277658256733	21.75989308299107	24.03350935523828	25.487319903513917	0.0
69.0	29.406489483124084	21.537583564324148	23.654002934942117	25.40192401760965	0.0
70.0	29.305958709761587	24.415381103029908	22.01330680669254	24.265353380515965	0.0
71.0	27.84229928555117	19.812090170619516	25.54236126969628	26.80324927413304	0.0
72.0	25.159069403204228	23.477012431885665	22.685744118510783	28.678174046399324	0.0
73.0	26.839177040674812	22.869589336117862	19.369891174887012	30.92134244832031	0.0
74.0	26.67982899846621	23.61877100806057	22.688705413960776	27.01269457951245	0.0
75.0	25.916678905370343	22.71666585075309	21.115843409866027	30.250811834010545	0.0
76.0	25.025704633362167	27.230590961761298	21.570675501444356	26.173028903432183	0.0
77.0	26.56966965495844	24.069628831300317	23.659759303711684	25.700942210029552	0.0
78.0	29.91702871329174	22.475745598275243	17.992356188547348	29.61486949988567	0.0
79.0	27.25624397654323	24.556101863800453	22.132017837599438	26.05563632205688	0.0
80.0	24.96937025238912	24.39598137711345	20.83802989463367	29.796618475863756	0.0
81.0	28.44843078632227	23.834730186737243	22.308810795798003	25.408028231142477	0.0
82.0	24.540849673202615	27.080065359477125	22.200980392156865	26.178104575163395	0.0
83.0	28.768242657994087	21.381294023435586	22.09710895749236	27.75335436107797	0.0
84.0	25.535323155382656	18.428193141325313	28.000261531923243	28.03622217136879	0.0
85.0	26.572512096246893	21.505165424349418	24.856152739636457	27.066169739767226	0.0
86.0	25.871427637172197	22.20096788960827	22.630959387875222	29.29664508534432	0.0
87.0	26.385323501038275	19.7583348321588	26.53248091041384	27.323860756389085	0.0
88.0	27.53258221182935	25.047013229113862	23.526237469952417	23.89416708910438	0.0
89.0	29.26390501578164	18.553649402260127	22.0942973490114	30.088148232946832	0.0
90.0	27.828391043360213	21.71772518359803	24.094276975416673	26.359606797625084	0.0
91.0	27.926262758440203	23.406830672598797	20.783171944517143	27.88373462444386	0.0
92.0	27.523761226259225	23.65325786451602	19.815472198138362	29.007508711086395	0.0
93.0	28.364826175869123	21.92719836400818	23.535378323108386	26.172597137014314	0.0
94.0	30.05629009032596	21.21350962167823	23.399659641314308	25.330540646681506	0.0
95.0	27.11814477194246	25.535571084889447	22.311506799993452	25.034777343174643	0.0
96.0	25.97812919490554	23.81233015748289	19.944013358216285	30.265527289395276	0.0
97.0	25.94393686347709	23.44041654386482	22.094508301404854	28.521138291253234	0.0
98.0	28.122952967378488	22.22749901742434	22.790842394864406	26.858705620332767	0.0
99.0	31.015788784067087	23.87152777777778	20.608949161425578	24.50373427672956	0.0
100.0	27.936237487507988	20.344369992955325	22.42828355641475	29.291108963121935	0.0
101.0	25.889755522055452	22.47329094841712	24.16267942583732	27.47427410369011	0.0
102.0	28.108816781383155	27.795804654211736	19.939364142903965	24.156014421501148	0.0
103.0	25.606438077755193	25.63594047072707	21.294171638366226	27.463449813151513	0.0
104.0	27.739439736423687	23.67269329749045	21.622108938318554	26.965758027767308	0.0
105.0	25.185258049708175	25.408223490064923	22.022755590530526	27.38376286969637	0.0
106.0	27.08087367178276	21.75980585071494	23.784927194018103	27.374393283484196	0.0
107.0	31.1980319803198	25.33169331693317	19.137351373513738	24.332923329233292	0.0
108.0	27.369646869720675	22.23917072610671	23.454542472404007	26.936639931768603	0.0
109.0	29.178219283710398	24.05459944547438	22.338523124374518	24.4286581464407	0.0
110.0	29.7503979519832	20.81001690270279	21.765101662372615	27.674483482941397	0.0
111.0	28.236143708250587	24.000065650183	23.381312675409085	24.38247796615733	0.0
112.0	24.824336748095615	24.691358024691358	22.97741003414762	27.506895193065407	0.0
113.0	24.459699139460028	24.37101753924982	22.117847993168233	29.051435328121922	0.0
114.0	26.914042609109874	22.883095977266382	22.37388919003269	27.82897222359106	0.0
115.0	24.234807038296612	23.94400906895362	22.53602116089178	29.285162731857984	0.0
116.0	26.5832977289907	21.90324382949354	23.80451572616426	27.708942715351498	0.0
117.0	26.40963221264557	25.171063885781958	23.789394039081518	24.629909862490955	0.0
118.0	27.032496914849858	22.97161661867544	22.752776635129575	27.243109831345123	0.0
119.0	28.0757772766924	25.389667034251197	20.499695508336487	26.034860180719914	0.0
120.0	27.311491603556142	26.216661178794865	23.4408956206783	23.030951596970695	0.0
121.0	27.33395912586664	24.275809824942773	22.21728175485401	26.17294929433658	0.0
122.0	29.423197285634284	22.825048588463943	19.420561979115195	28.33119214678657	0.0
123.0	24.82866556836903	24.261943986820427	23.968698517298186	26.940691927512354	0.0
124.0	27.238123486084337	23.18288925140475	24.217707251965003	25.36128001054592	0.0
125.0	30.33948582729071	22.008899143045486	21.924851680949242	25.72676334871457	0.0
126.0	29.133910177173465	23.288009888751546	21.860733415739595	25.717346518335393	0.0
127.0	26.698981105945197	23.911036370231148	24.34958947472549	25.040393049098164	0.0
128.0	27.212006267007503	25.59412880349633	20.107198812567	27.086666116929166	0.0
129.0	26.827578242291256	22.69810106742778	25.402141454803424	25.072179235477538	0.0
130.0	31.969174408818628	18.698328355253388	24.190168154590012	25.142329081337977	0.0
131.0	28.67989304459776	26.585349750767506	17.81269600237679	26.922061202257947	0.0
132.0	30.015521283973452	21.815659984808956	22.746937023215878	25.421881708001713	0.0
133.0	26.924665114051173	20.440017838561023	23.246287762416795	29.389029284971013	0.0
134.0	25.214402564568633	22.6729679263678	25.49201050944363	26.620618999619943	0.0
135.0	24.85123966942149	21.241322314049587	24.96363636363636	28.943801652892564	0.0
136.0	26.38689088413777	22.401904856391685	22.7921358532996	28.41906840617094	0.0
137.0	28.501248821476423	23.84339282465223	20.560067485981772	27.095290867889577	0.0
138.0	29.876535036907086	25.307007381417364	20.653073383866804	24.163384197808746	0.0
139.0	31.483443708609272	19.85927152317881	21.94867549668874	26.70860927152318	0.0
140.0	30.513835301131	21.530411167596746	25.266190862574312	22.689562668697942	0.0
141.0	26.397999072417676	25.47538594050222	23.47942754919499	24.647187437885112	0.0
142.0	27.24259649006513	24.753492534345327	22.623999469698227	25.37991150589132	0.0
143.0	28.925811693695486	25.108612741684077	21.78887672868371	24.176698835936723	0.0
144.0	30.411054342777522	23.536925220622386	21.50155928604605	24.550461150554046	0.0
145.0	26.87112084702446	25.150187526967372	22.250987420757408	25.727704205250756	0.0
146.0	27.271821608248793	24.77958390754977	20.427715144370463	27.520879339830973	0.0
147.0	28.453245178331144	22.5360067777464	22.323371596591194	26.687376447331264	0.0
148.0	30.291346041981754	23.209626219481795	22.553141983413386	23.94588575512307	0.0
149.0	28.75245285528985	23.33787873748628	20.921608407889046	26.98805999933482	0.0
150.0	29.461775226686633	24.80658847017719	20.710423425671742	25.02121287746444	0.0
151.0	29.275478104558843	24.88473893577004	19.26565802832842	26.574124931342684	0.0
152.0	28.520757356247188	24.782268405188923	21.45010074769779	25.246873490866093	0.0
153.0	29.589150644763585	19.851054613308452	24.229449201959284	26.33034553996868	0.0
154.0	28.379482221147917	19.277510127194226	28.686215346658443	23.656792304999417	0.0
155.0	30.869695756605285	23.118494795836668	21.273685615158794	24.738123832399253	0.0
156.0	31.52932145121992	21.504622676145658	23.62571342745569	23.340342445178734	0.0
157.0	31.208989364366452	17.265790660010353	25.113118394470142	26.41210158115306	0.0
158.0	25.809846801543678	22.460196802379002	25.089797350351674	26.640159045725646	0.0
159.0	29.81317633678436	17.707270568164713	24.629948652762213	27.849604442288715	0.0
160.0	27.189017244265862	22.77080194207266	25.41101623974552	24.629164573915954	0.0
161.0	30.569566164518996	21.1052834425323	23.518273371650718	24.80687702129799	0.0
162.0	34.32447843295096	20.777151673710335	20.689944321459716	24.208425571878983	0.0
163.0	26.847079758926924	23.743012070441686	23.620460993503116	25.789447177128277	0.0
164.0	30.513458113511877	22.45539164622467	21.724520313182566	25.30662992708088	0.0
165.0	28.860934057617598	21.8159802223306	23.20680782361548	26.11627789643632	0.0
166.0	30.700868511411837	23.980004039587964	20.70288830539285	24.616239143607352	0.0
167.0	32.664476455227025	23.22129559430545	22.158200657063432	21.956027293404095	0.0
168.0	29.860057325914685	22.114314618108246	24.048221210588434	23.977406845388636	0.0
169.0	29.665378579504225	19.230185113312295	26.16560638531243	24.938829921871044	0.0
170.0	27.79260260091201	22.783313629454486	25.353825367336597	24.07025840229691	0.0
171.0	29.71085559688874	22.85255326344268	20.821778829895162	26.614812309773416	0.0
172.0	27.16962608121604	23.69280769165665	21.73265399394011	27.404912233187197	0.0
173.0	30.56977256550181	25.666881334101614	20.948717079619023	22.81462902077755	0.0
174.0	27.101995114006517	23.46973398479913	21.986970684039086	27.441300217155266	0.0
175.0	28.199724681769517	23.09444095103754	19.483013544977144	29.2228208222158	0.0
176.0	31.75569921742089	20.22286492004083	22.715209254848588	25.30622660768969	0.0
177.0	31.748654357157456	18.932683790965456	21.409347959392246	27.90931389248484	0.0
178.0	28.640114574098067	18.023255813953487	25.051149150924097	28.28548046102435	0.0
179.0	28.759475517312026	18.828108994058596	24.3426893396162	28.06972614901318	0.0
180.0	29.900326545964333	21.42209912636132	19.681660426390383	28.99591390128396	0.0
181.0	28.81434295695058	20.60515771088051	24.084728929072913	26.495770403095996	0.0
182.0	29.7130901545163	22.22050727993003	22.289104971617704	25.777297593935966	0.0
183.0	31.20405358983167	18.46616283064239	23.210237031947784	27.11954654757815	0.0
184.0	32.195457673778385	23.102202339986235	20.831039229181005	23.87130075705437	0.0
185.0	31.13985169856872	20.36558027246077	21.598551474392135	26.896016554578377	0.0
186.0	27.070008643042353	20.808988764044944	23.861711322385478	28.259291270527225	0.0
187.0	27.176813000242543	21.454558054121478	23.058799071411247	28.309829874224736	0.0
188.0	27.0236958597344	21.466886554986548	24.05173162051905	27.457685964760003	0.0
189.0	31.443881900586323	21.354628808044957	21.975746820467318	25.2257424709014	0.0
190.0	28.32220847348333	18.778647240279543	21.692605308562367	31.206538977674757	0.0
191.0	28.855191209098376	20.16910955434042	23.90244754633916	27.073251690222044	0.0
192.0	31.16410175604461	19.62638093737416	21.0007528406604	28.208764465920826	0.0
193.0	28.097535303920708	20.9437768616788	24.204894307516884	26.753793526883605	0.0
194.0	32.329663371908964	19.714024411692286	21.231840726019204	26.724471490379543	0.0
195.0	28.43467376549195	19.45242670521658	20.007756994517216	32.10514253477426	0.0
196.0	26.225537857761594	20.669294818533775	23.363445118178443	29.741722205526187	0.0
197.0	29.0354609929078	21.79964539007092	18.852836879432626	30.312056737588655	0.0
198.0	26.094608287557996	25.543526567471957	21.268199029385098	27.093666115584945	0.0
199.0	29.367824288668615	20.862155031020464	20.940597589674105	28.829423090636812	0.0
200.0	29.67319794050343	20.273169336384438	21.75879576659039	28.294836956521742	0.0
201.0	29.649610180123666	19.655883143650865	19.97490814589121	30.71959853033426	0.0
202.0	29.83657839382989	17.428042356579112	20.588605433004332	32.146773816586666	0.0
203.0	27.347358545034645	23.585450346420323	22.38921766743649	26.677973441108545	0.0
204.0	31.733589195843443	18.791411709330532	23.362540280241863	26.112458814584162	0.0
205.0	30.804138682156474	22.5558177527682	19.005264113269195	27.634779451806136	0.0
206.0	33.05535324107793	19.664967225054625	19.70138383102695	27.578295702840492	0.0
207.0	32.05823788385305	21.031767779178313	22.326957856085933	24.583036480882704	0.0
208.0	31.106383759100666	18.802838856388345	20.58537658860423	29.505400795906766	0.0
209.0	27.500276273621395	22.750211809776403	20.792352746159796	28.957159170442402	0.0
210.0	28.265655351031356	18.455277032651928	23.40579039866802	29.873277217648692	0.0
211.0	31.30853277835588	20.53850156087409	19.51835885238591	28.63460680838412	0.0
212.0	34.16868818809479	18.59675312558313	19.447658145176337	27.786900541145737	0.0
213.0	30.715450507019547	19.463552698168733	22.991134186800622	26.829862608011094	0.0
214.0	30.303486708336468	20.223661420287673	21.210181489569997	28.26267038180586	0.0
215.0	28.62515354814325	20.54804875744118	24.20674666918643	26.62005102522914	0.0
216.0	26.55270655270655	21.555555555555557	21.78537511870845	30.10636277302944	0.0
217.0	30.94688221709007	21.65747332658943	19.00444715897162	28.39119729734888	0.0
218.0	29.483760814932758	26.485314712145335	19.243386344888446	24.787538128033457	0.0
219.0	28.507223733194454	21.732924406380803	20.772331848079777	28.987520012344962	0.0
220.0	28.983540450941238	23.44467924235668	17.624706771873363	29.947073534828718	0.0
221.0	30.73907191760782	20.90428540776718	20.95109914759982	27.405543527025184	0.0
222.0	31.822105387060066	22.884215482402794	18.660493584964886	26.633185545572253	0.0
223.0	30.14520202020202	21.220012626262626	19.953440656565657	28.681344696969695	0.0
224.0	29.331083763398176	20.59150456530369	22.897975387058356	27.179436284239777	0.0
225.0	27.332670356278104	25.97500864752681	20.315202352127294	26.3771186440678	0.0
226.0	27.94020763761103	19.61198573343329	24.10095640518867	28.34685022376701	0.0
227.0	27.38144430130527	25.128217593155245	19.241146301742788	28.2491918037967	0.0
228.0	27.116716122650843	20.467359050445104	19.7675568743818	32.64836795252226	0.0
229.0	29.387530177390573	22.89807914348693	24.113047129211715	23.60134354991078	0.0
230.0	27.244548664456484	21.59240990808873	23.201530956038923	27.961510471415863	0.0
231.0	27.733679839552554	18.24524730939804	22.519137877461088	31.50193497358832	0.0
232.0	23.29605650382578	22.042377869334903	21.40965273690406	33.251912889935255	0.0
233.0	27.4524691732977	20.27576990827917	20.78296786733888	31.48879305108425	0.0
234.0	27.833687255716615	21.053765426399533	22.83568768657865	28.276859631305207	0.0
235.0	31.09611818123681	17.250751422907207	21.043038946089403	30.61009144976658	0.0
236.0	29.172770778396327	20.259139889963212	22.160367223361657	28.407722108278804	0.0
237.0	34.28946571053429	21.624078375921624	15.910850755815911	28.175605157728175	0.0
238.0	28.36533471717696	22.38367064521709	23.15862307559246	26.092371562013494	0.0
239.0	27.30755064456722	23.826887661141804	22.287292817679557	26.578268876611418	0.0
240.0	23.868095381829157	20.461062481134924	22.777693932991248	32.89314820404467	0.0
241.0	27.95311448144775	20.852967964202275	21.902348235853168	29.291569318496812	0.0
242.0	24.68041658158056	20.45333877884419	21.135389013681845	33.730855625893405	0.0
243.0	25.279535407818322	19.13409031810696	25.938285516165383	29.648088757909335	0.0
244.0	27.636283381152065	19.6777753255352	24.105054071948796	28.580887221363938	0.0
245.0	24.67411977547896	26.307000046388644	20.485225216866912	28.53365496126548	0.0
246.0	30.324227242650537	23.556101710936762	18.546176387182154	27.57349465923055	0.0
247.0	29.703779366700715	25.755873340143005	20.255362614913178	24.284984678243106	0.0
248.0	27.81398717152907	21.725636250775914	22.677426029381337	27.78295054831368	0.0
249.0	29.37291897891232	21.137624861265262	23.25749167591565	26.231964483906772	0.0
250.0	23.514285714285716	23.49142857142857	27.639999999999997	25.354285714285712	0.0
